#2nd order cut-set MAC
gMAC, 	FTL, 	rb
2.000, 	1.756, 	0.439
2.154, 	1.792, 	0.448
2.308, 	1.828, 	0.457
2.462, 	1.865, 	0.466
2.615, 	1.903, 	0.476
2.769, 	1.940, 	0.485
2.923, 	1.978, 	0.495
3.077, 	2.016, 	0.504
3.231, 	2.055, 	0.514
3.385, 	2.094, 	0.524
3.538, 	2.133, 	0.533
3.692, 	2.173, 	0.543
3.846, 	2.213, 	0.553
4.000, 	2.253, 	0.563
4.154, 	2.294, 	0.573
4.308, 	2.334, 	0.584
4.462, 	2.376, 	0.594
4.615, 	2.417, 	0.604
4.769, 	2.459, 	0.615
4.923, 	2.501, 	0.625
5.077, 	2.543, 	0.636
5.231, 	2.585, 	0.646
5.385, 	2.628, 	0.657
5.538, 	2.671, 	0.668
5.692, 	2.714, 	0.679
5.846, 	2.758, 	0.689
6.000, 	2.801, 	0.700
6.154, 	2.845, 	0.711
6.308, 	2.889, 	0.722
6.462, 	2.934, 	0.733
6.615, 	2.978, 	0.745
6.769, 	3.023, 	0.756
6.923, 	3.068, 	0.767
7.077, 	3.113, 	0.778
7.231, 	3.158, 	0.790
7.385, 	3.204, 	0.801
7.538, 	3.249, 	0.812
7.692, 	3.295, 	0.824
7.846, 	3.341, 	0.835
8.000, 	3.387, 	0.847
